  问题：
        设有一个10阶的对称矩阵A，采用压缩存储方式，以行序为主存储，a11为第一元素，其存储地址为1，每个元素占一个地址空间，则a85的地址为(     )。
        
        
  解答：
      
      由于是对称矩阵，因此压缩存储可以认为只要存储下三角矩阵。
(1,1)                                                   1
(2,1) (2,2)                                             2
(3,1) (3,2) (3,3)                                       3
(4,1) (4,2) (4,3) (4,4)                                 4
(5,1) (5,2) (5,3) (5,4) (5,5)                           5 
(6,1) (6,2) (6,3) (6,4) (6,5) (6,6)                     6
(7,1) (7,2) (7,3) (7,4) (7,5) (7,6) (7,7)               7 
(8,1) (8,2) (8,3) (8,4) (8,5)                           5
1+2+3+4+5+6+7+5=33
    
   或者：对称矩阵的压缩矩阵表达式为：k=(i*(i-1)/2)+j。i为行序，j为列数
